0.865979 0.826031 
0.863918 0.828351 
0.863918 0.826031 
0.866753 0.826546 
0.865979 0.830928 
0.866495 0.827835 
0.862887 0.824227 
0.866237 0.82732 
0.868299 0.828351 
0.866753 0.827062 
0.867526 0.826031 
0.868814 0.829124 
0.86701 0.82732 
0.864175 0.825515 
0.865464 0.827577 
0.86701 0.829124 
0.86366 0.823711 
0.867526 0.828608 
0.866237 0.827577 
0.864948 0.827835 
0.865722 0.823196 
0.86366 0.826289 
0.866495 0.829381 
0.86366 0.82732 
0.867526 0.827577 
0.866753 0.825773 
0.863918 0.826804 
0.865206 0.828093 
0.866495 0.827062 
0.865722 0.828866 
0.867526 0.829381 
0.866237 0.827062 
0.867526 0.826031 
0.867268 0.825773 
0.865979 0.825773 
0.865722 0.828351 
0.867526 0.82732 
0.864175 0.826546 
0.865979 0.826289 
0.86701 0.829124 
0.866495 0.826031 
0.866237 0.823969 
0.864691 0.823711 
0.864691 0.827577 
0.86701 0.82732 
0.865464 0.831701 
0.865464 0.82732 
0.865722 0.826031 
0.867526 0.82732 
0.868814 0.82732 
0.864691 0.825773 
0.867784 0.825773 
0.86701 0.826546 
0.866237 0.826804 
0.866495 0.826804 
0.863402 0.827835 
0.864948 0.828093 
0.863402 0.828093 
0.864175 0.826289 
0.868299 0.830155 
0.866753 0.827062 
0.866237 0.828093 
0.867526 0.825 
0.867784 0.826546 
0.868299 0.825515 
0.864433 0.828608 
0.864175 0.825773 
0.864433 0.828093 
0.865206 0.825 
0.864948 0.828608 
0.868041 0.824485 
0.865722 0.827835 
0.865206 0.828351 
0.862887 0.824227 
0.865206 0.825773 
0.866753 0.828351 
0.866495 0.827577 
0.868299 0.826804 
0.865979 0.826289 
0.865464 0.827835 
0.867784 0.826289 
0.865206 0.828608 
0.867784 0.827835 
0.867784 0.829381 
0.868041 0.827835 
0.866495 0.826289 
0.865722 0.828608 
0.864948 0.826804 
0.86701 0.823454 
0.864175 0.828608 
0.864691 0.826804 
0.865722 0.827062 
0.864691 0.82732 
0.865722 0.826289 
0.865464 0.826289 
0.866237 0.827062 
0.864691 0.822938 
0.865206 0.825258 
0.868041 0.826289 
0.865206 0.824485 
