0.195734 0.0112923 0.366876 0.353827 0.499373 0.23187 0.48256 0.302384 0.0771644 0.144918 
0.181748 0.00385604 0.33162 0.343188 0.496144 0.18946 0.475578 0.304627 0.072108 0.107584 
0.233012 0.00722892 0.380964 0.325301 0.504819 0.249157 0.484096 0.305783 0.0962651 0.119036 
0.217561 0.0097561 0.392683 0.364634 0.495122 0.255854 0.479268 0.324146 0.133049 0.0919512 
0.197985 0.0100756 0.375315 0.347607 0.462217 0.243325 0.439043 0.335013 0.0891688 0.116499 
0.22095 0.00730816 0.376857 0.349574 0.495737 0.219732 0.468697 0.265286 0.109866 0.115225 
0.18962 0.00886076 0.376203 0.381013 0.473418 0.277468 0.45038 0.349873 0.0906329 0.116456 
0.187261 0.0089172 0.356433 0.340127 0.46879 0.253758 0.439236 0.280255 0.12586 0.0926115 
0.191117 0.00507614 0.303553 0.327411 0.493655 0.193147 0.475127 0.270305 0.0922589 0.113832 
0.187771 0.00509554 0.275159 0.361783 0.484076 0.201019 0.461656 0.295287 0.0870064 0.104331 
0.153158 0.0131579 0.376053 0.346053 0.492105 0.211842 0.470789 0.303947 0.101447 0.0596053 
0.193695 0.00882724 0.396721 0.324086 0.496847 0.222951 0.477427 0.287264 0.0935687 0.1 
0.224029 0.00728155 0.395388 0.353155 0.495146 0.255097 0.480825 0.31335 0.112985 0.103277 
0.180206 0.00642674 0.388689 0.359897 0.484576 0.255527 0.467352 0.322108 0.0641388 0.1509 
0.175938 0.00517464 0.366624 0.344114 0.494179 0.19379 0.462354 0.286158 0.103234 0.0768435 
0.245077 0.0059312 0.359905 0.344009 0.483986 0.215184 0.463582 0.288731 0.0894425 0.126216 
0.226066 0.00487211 0.401218 0.332521 0.522533 0.225335 0.499635 0.289403 0.122412 0.135201 
0.225759 0.00486027 0.407776 0.323208 0.524909 0.195869 0.484326 0.262211 0.115674 0.0929526 
0.242755 0.00475059 0.359382 0.327791 0.486936 0.213064 0.46342 0.273159 0.116746 0.0995249 
0.209394 0.00741656 0.329295 0.34487 0.50309 0.220766 0.483807 0.311496 0.0944376 0.124722 
0.256713 0.0115741 0.400463 0.322917 0.49537 0.221528 0.472685 0.281481 0.0884259 0.148958 
0.178947 0.00770218 0.354814 0.34018 0.49294 0.19923 0.477535 0.326829 0.0962773 0.0851091 
0.246045 0.00590319 0.339315 0.340024 0.489965 0.243447 0.473908 0.327037 0.107202 0.110626 
0.187322 0.00388098 0.253558 0.32859 0.50194 0.165589 0.451488 0.238034 0.121604 0.0917206 
0.234012 0.00718563 0.398323 0.322156 0.532934 0.188982 0.504431 0.26515 0.176048 0.079521 
0.198217 0.00764331 0.40535 0.337707 0.490446 0.221146 0.469554 0.326624 0.141146 0.0975796 
0.211837 0.00986436 0.394328 0.34402 0.508015 0.225401 0.471517 0.270037 0.0839704 0.147719 
0.206957 0.00621118 0.329938 0.359006 0.477019 0.234783 0.453168 0.345093 0.0819876 0.0874534 
0.232406 0.00483676 0.342926 0.336155 0.499395 0.19734 0.48029 0.280048 0.132527 0.0800484 
0.253738 0.00934579 0.391355 0.33528 0.501168 0.239019 0.48271 0.307944 0.0878505 0.160631 
0.216117 0.0102564 0.400488 0.340659 0.487179 0.240781 0.472772 0.284005 0.115751 0.0921856 
0.160474 0.00790514 0.35415 0.366271 0.480896 0.253491 0.461133 0.302503 0.103426 0.0898551 
0.15336 0.0118577 0.374967 0.300395 0.534914 0.202635 0.515152 0.305929 0.0624506 0.0827404 
0.189912 0.0113493 0.375032 0.34174 0.505675 0.235561 0.480958 0.303153 0.0807062 0.12976 
0.218002 0.00616523 0.401973 0.355117 0.484587 0.211591 0.463379 0.302096 0.087053 0.0882861 
0.240238 0.00952381 0.367619 0.332143 0.522619 0.213095 0.503571 0.288333 0.119048 0.11881 
0.252817 0.00352113 0.377465 0.346244 0.503521 0.230047 0.48169 0.279577 0.133333 0.122653 
0.180587 0.0102171 0.355045 0.360153 0.469987 0.224266 0.455172 0.328736 0.0920817 0.100894 
0.199245 0.00377358 0.415346 0.344654 0.508176 0.197484 0.483522 0.31522 0.15283 0.0577358 
0.218696 0.0110701 0.398032 0.338253 0.505535 0.230504 0.476507 0.299631 0.107749 0.103936 
0.175844 0.00779221 0.373506 0.354545 0.484416 0.238961 0.468052 0.328052 0.091039 0.0933766 
0.174872 0.0128205 0.383333 0.320513 0.514103 0.231026 0.493077 0.308462 0.0774359 0.100513 
0.227503 0.00820265 0.378528 0.351025 0.480097 0.253559 0.455489 0.291918 0.100241 0.12123 
0.149604 0.0145119 0.385752 0.313984 0.527704 0.208971 0.50343 0.301583 0.078628 0.087467 
0.178866 0.00773196 0.418299 0.311856 0.523196 0.183247 0.497423 0.258247 0.103866 0.0935567 
0.185951 0.0063857 0.341762 0.347382 0.462324 0.219668 0.443934 0.300128 0.113155 0.0731801 
0.199499 0.00750939 0.339925 0.355444 0.485607 0.23179 0.459825 0.320401 0.0863579 0.119399 
0.196203 0.00481013 0.373671 0.318987 0.517722 0.186835 0.47038 0.261013 0.0958228 0.0902532 
0.190645 0.00884956 0.42048 0.329962 0.518331 0.226802 0.47914 0.254362 0.109102 0.125917 
0.175584 0.0101299 0.388312 0.354545 0.488312 0.215844 0.466234 0.282338 0.109221 0.11013 
0.181865 0.00893997 0.39719 0.357599 0.47765 0.242656 0.456705 0.319796 0.101405 0.121967 
0.193726 0.0112923 0.387202 0.342535 0.486826 0.223338 0.46675 0.279799 0.0791719 0.13187 
0.210111 0.00863132 0.434032 0.321825 0.549938 0.20148 0.524538 0.238964 0.106905 0.138224 
0.131608 0.00544959 0.344687 0.361035 0.506812 0.243324 0.481744 0.329973 0.0679837 0.123842 
0.23671 0.0116806 0.406436 0.352801 0.494636 0.248391 0.470322 0.287723 0.076758 0.182122 
0.188535 0.00764331 0.359745 0.338854 0.51465 0.216561 0.500637 0.311592 0.0926115 0.0582166 
0.186582 0.0113924 0.312405 0.322785 0.508861 0.175696 0.48481 0.292911 0.0797468 0.110886 
0.223472 0.00366748 0.381418 0.341076 0.518337 0.197311 0.492176 0.264548 0.0800733 0.1478 
0.18834 0.00887199 0.383777 0.340938 0.503169 0.170596 0.469202 0.259569 0.0988593 0.100127 
0.207683 0.0086741 0.364064 0.345725 0.503098 0.249318 0.481537 0.271375 0.147708 0.0951673 
0.258508 0.004662 0.399767 0.353147 0.497669 0.215851 0.47296 0.304196 0.13345 0.103963 
0.230972 0.00840336 0.327011 0.327731 0.482593 0.181753 0.442737 0.265066 0.0779112 0.139856 
0.163041 0.00655308 0.417562 0.326343 0.517693 0.218873 0.496986 0.300917 0.095806 0.0562254 
0.224029 0.00703883 0.416505 0.320388 0.510922 0.230825 0.486893 0.265049 0.130825 0.0907767 
0.170065 0.0123871 0.393032 0.344516 0.505806 0.243613 0.488258 0.306839 0.0858065 0.119097 
0.215252 0.00688807 0.393358 0.333456 0.493235 0.233456 0.478721 0.321279 0.10738 0.0794588 
0.192723 0.0122961 0.289586 0.353827 0.503137 0.206775 0.481305 0.33325 0.0514429 0.157967 
0.198241 0.00753769 0.373618 0.327889 0.506281 0.217085 0.487437 0.285427 0.0796482 0.125879 
0.251878 0.00469484 0.390845 0.36385 0.491784 0.232394 0.459155 0.269953 0.157981 0.109742 
0.234928 0.00717703 0.35 0.342105 0.494019 0.218421 0.469139 0.282895 0.13433 0.0855263 
0.17529 0.00926641 0.423166 0.306306 0.535393 0.222909 0.511197 0.279022 0.0712999 0.119691 
0.224176 0.003663 0.356532 0.319902 0.521368 0.217827 0.496459 0.26569 0.104151 0.0898657 
0.174194 0.0126452 0.369806 0.36129 0.503226 0.241806 0.469935 0.304516 0.0868387 0.120516 
0.206444 0.0111524 0.38166 0.318463 0.50062 0.203222 0.480793 0.301859 0.0723668 0.118463 
0.218932 0.0121359 0.38301 0.353155 0.490291 0.253155 0.474029 0.300485 0.0782767 0.15 
0.173057 0.00777202 0.332902 0.329016 0.493523 0.204145 0.473575 0.268912 0.0712435 0.0896373 
0.160422 0.00527704 0.325594 0.356201 0.484169 0.207124 0.465172 0.294987 0.112269 0.0886544 
0.158684 0.00921053 0.406053 0.327632 0.506579 0.177368 0.490263 0.274211 0.0910526 0.0946053 
0.209285 0.00376412 0.313425 0.358846 0.494354 0.190213 0.475533 0.314931 0.0992472 0.0894605 
0.178489 0.0102433 0.367478 0.359795 0.491677 0.266581 0.461204 0.331114 0.125096 0.108835 
0.220681 0.00851582 0.432603 0.324818 0.518248 0.212895 0.483942 0.276399 0.126642 0.115085 
0.162663 0.0104439 0.403655 0.319843 0.515666 0.224282 0.492689 0.272846 0.0883812 0.0911227 
0.214496 0.00859951 0.392138 0.341523 0.503686 0.229975 0.483292 0.276904 0.113268 0.10774 
0.23981 0.00947867 0.35 0.336493 0.485782 0.210427 0.455687 0.296682 0.0811611 0.122512 
0.179692 0.00771208 0.356812 0.344473 0.496144 0.228792 0.479434 0.290488 0.0966581 0.0749357 
0.201255 0.00376412 0.331744 0.371393 0.46675 0.21857 0.445922 0.344793 0.0998745 0.106524 
0.263194 0.00347222 0.391435 0.331134 0.52662 0.222222 0.501157 0.325463 0.153819 0.0893519 
0.231566 0.00915663 0.384096 0.349518 0.480723 0.220241 0.460241 0.288675 0.0751807 0.126867 
0.189031 0.00892857 0.38801 0.360969 0.494898 0.22398 0.449745 0.276531 0.122959 0.0960459 
0.209653 0.00618812 0.438861 0.312005 0.527228 0.208416 0.510891 0.275743 0.112005 0.105817 
0.264138 0.00896552 0.388276 0.311494 0.53908 0.191494 0.503218 0.235402 0.136207 0.107126 
0.165707 0.0052356 0.39555 0.34555 0.518325 0.235079 0.501571 0.292408 0.0688482 0.110864 
0.191371 0.00456853 0.286802 0.357868 0.498731 0.174873 0.47868 0.329442 0.0996193 0.0861675 
0.229333 0.00606061 0.388606 0.329697 0.523636 0.188606 0.499636 0.292606 0.112485 0.102182 
0.2 0.00503778 0.359698 0.356423 0.498741 0.217884 0.471285 0.264484 0.0900504 0.109698 
0.210918 0.00372208 0.401985 0.316377 0.533499 0.191563 0.508189 0.21464 0.122333 0.0945409 
0.20125 0.00725 0.35925 0.33125 0.51625 0.22775 0.49325 0.27075 0.0995 0.108375 
0.191888 0.00506971 0.404309 0.328264 0.496831 0.202028 0.464132 0.272497 0.109759 0.114702 
0.225362 0.0120773 0.381643 0.327295 0.485507 0.193478 0.459662 0.289855 0.0985507 0.102899 
0.273948 0.00682594 0.418658 0.331058 0.518771 0.197725 0.496246 0.283049 0.151081 0.110466 
