0.9875 0.9875 
0.984375 0.984375 
0.975309 0.975309 
0.984615 0.984615 
0.975904 0.975904 
0.971831 0.971831 
0.989691 0.989691 
0.97561 0.97561 
0.985075 0.985075 
0.989899 0.989899 
0.969388 0.969388 
0.990566 0.990566 
0.989011 0.989011 
0.986301 0.986301 
0.974026 0.974026 
0.989691 0.989691 
0.969388 0.969388 
0.967742 0.967742 
0.986667 0.986667 
0.989691 0.989691 
0.990385 0.990385 
0.988764 0.988764 
0.974359 0.974359 
0.980392 0.980392 
0.990196 0.990196 
0.986667 0.986667 
0.974026 0.974026 
0.982301 0.982301 
0.990826 0.990826 
0.980392 0.980392 
0.974684 0.974684 
0.990476 0.990476 
0.990826 0.990826 
0.972973 0.972973 
0.989247 0.989247 
0.990741 0.990741 
0.979381 0.979381 
0.986667 0.986667 
0.962025 0.962025 
0.966292 0.966292 
0.986486 0.986486 
0.984848 0.984848 
0.9625 0.9625 
0.977778 0.977778 
0.961538 0.961538 
0.984127 0.984127 
0.982456 0.982456 
0.990196 0.990196 
0.976744 0.976744 
0.989011 0.989011 
0.969697 0.969697 
0.989583 0.989583 
0.985075 0.985075 
0.975904 0.975904 
0.96875 0.96875 
0.986486 0.986486 
0.978495 0.978495 
0.988636 0.988636 
0.985714 0.985714 
0.961538 0.961538 
0.978723 0.978723 
0.990741 0.990741 
0.989474 0.989474 
0.990826 0.990826 
0.99 0.99 
0.984375 0.984375 
0.965909 0.965909 
0.984848 0.984848 
0.978947 0.978947 
0.974684 0.974684 
0.986667 0.986667 
0.989583 0.989583 
0.976471 0.976471 
0.972603 0.972603 
0.972222 0.972222 
0.986667 0.986667 
0.962963 0.962963 
0.962963 0.962963 
0.985507 0.985507 
0.972973 0.972973 
0.975904 0.975904 
0.978022 0.978022 
0.989474 0.989474 
0.985714 0.985714 
0.988636 0.988636 
0.969697 0.969697 
0.978723 0.978723 
0.983333 0.983333 
0.984848 0.984848 
0.978947 0.978947 
0.97561 0.97561 
0.986842 0.986842 
0.976471 0.976471 
0.985294 0.985294 
0.975904 0.975904 
0.987013 0.987013 
0.980392 0.980392 
0.973333 0.973333 
0.983333 0.983333 
0.974026 0.974026 
