0.95189 0.75178 
0.966539 0.781953 
0.942494 0.744886 
0.933475 0.734102 
0.953891 0.75638 
0.946053 0.745194 
0.952721 0.744504 
0.95663 0.758485 
0.938728 0.739579 
0.963799 0.779971 
0.949702 0.75906 
0.938288 0.719859 
0.935245 0.733082 
0.954063 0.757491 
0.957674 0.759017 
0.946941 0.751229 
0.960465 0.774929 
0.954025 0.769147 
0.951119 0.743766 
0.947269 0.771919 
0.964281 0.783048 
0.938846 0.724485 
0.949374 0.750833 
0.943502 0.731126 
0.956703 0.756138 
0.952473 0.747063 
0.949889 0.749549 
0.948205 0.744151 
0.930452 0.750606 
0.953808 0.776535 
0.945624 0.73735 
0.950407 0.756363 
0.944301 0.729882 
0.949341 0.74883 
0.938386 0.738407 
0.930896 0.731912 
0.955018 0.768699 
0.944171 0.744936 
0.958379 0.757384 
0.949023 0.749828 
0.948374 0.733789 
0.947454 0.741467 
0.956892 0.757775 
0.958145 0.759251 
0.952814 0.754808 
0.942108 0.741438 
0.957053 0.764789 
0.946287 0.746453 
0.938355 0.73248 
0.955606 0.759119 
0.947015 0.747405 
0.95466 0.759095 
0.945307 0.737236 
0.946356 0.756917 
0.956512 0.768464 
0.949725 0.757152 
0.95352 0.743067 
0.95401 0.757056 
0.956537 0.765216 
0.951911 0.74391 
0.962332 0.776678 
0.955077 0.758985 
0.948247 0.747783 
0.952597 0.759301 
0.952627 0.750055 
0.945114 0.752612 
0.947033 0.746683 
0.954592 0.759002 
0.947214 0.738629 
0.950632 0.737444 
0.960789 0.756825 
0.949012 0.749794 
0.948923 0.743207 
0.95251 0.766898 
0.955779 0.767284 
0.946091 0.756164 
0.950846 0.759568 
0.949662 0.741863 
0.937958 0.742402 
0.947675 0.742374 
0.959969 0.775986 
0.951673 0.762789 
0.949748 0.753996 
0.939609 0.738014 
0.947534 0.743704 
0.941819 0.756727 
0.943049 0.738795 
0.951759 0.767752 
0.955857 0.758908 
0.946036 0.75124 
0.95416 0.777015 
0.956485 0.786057 
0.942447 0.734061 
0.944534 0.746222 
0.946954 0.744858 
0.945065 0.739215 
0.951507 0.764675 
0.956671 0.75084 
0.95433 0.756321 
0.954988 0.743842 
