0.00335052 0 0.456443 0 0.456443 0 0.714175 0 0.0590206 0
0.00412371 0 0.456443 0 0.456443 0 0.71366 0 0.0523196 0
0.00309278 0 0.456186 0 0.456186 0 0.680412 0 0.0559278 0
0.00335052 0 0.456186 0 0.456186 0 0.680412 0 0.0572165 0 
0.00335052 0 0.456186 0 0.456186 0 0.680412 0 0.0556701 0 
0.00335052 0 0.456186 0 0.456186 0 0.680412 0 0.0597938 0 
0.00309278 0 0.456186 0 0.456186 0 0.680412 0 0.0546392 0 
0.00335052 0 0.456443 0 0.456443 0 0.680412 0 0.0546392 0 
0.00386598 0 0.456186 0 0.456186 0 0.680412 0 0.0559278 0 
0.00360825 0 0.456186 0 0.456186 0 0.680412 0 0.0600515 0 
0.00412371 0 0.456443 0 0.456443 0 0.680412 0 0.0582474 0 
0.00412371 0 0.456443 0 0.456443 0 0.680412 0 0.0585052 0 
0.00283505 0 0.456186 0 0.456186 0 0.680412 0 0.0592784 0 
0.00309278 0 0.456186 0 0.456186 0 0.680412 0 0.0569588 0 
0.00360825 0 0.456186 0 0.456186 0 0.680412 0 0.056701 0 
0.00386598 0 0.456443 0 0.456443 0 0.680412 0 0.0543814 0 
0.00335052 0 0.456186 0 0.456186 0 0.680412 0 0.056701 0 
0.00438144 0 0.456186 0 0.456186 0 0.680412 0 0.0592784 0 
0.00309278 0 0.456186 0 0.456186 0 0.680412 0 0.0574742 0 
0.00360825 0 0.456186 0 0.456186 0 0.680412 0 0.0582474 0 
0.00360825 0 0.456186 0 0.456186 0 0.680412 0 0.0582474 0 
0.00412371 0 0.456186 0 0.456186 0 0.680412 0 0.0543814 0 
0.00386598 0 0.456443 0 0.456443 0 0.680412 0 0.0530928 0 
0.00360825 0 0.456443 0 0.456443 0 0.714691 0 0.0554124 0 
0.00309278 0 0.456186 0 0.456186 0 0.680412 0 0.0574742 0 
0.00386598 0 0.456443 0 0.456443 0 0.680412 0 0.0628866 0 
0.00360825 0 0.456443 0 0.456443 0 0.714175 0 0.0548969 0 
0.00309278 0 0.456186 0 0.456186 0 0.680412 0 0.0600515 0 
0.00412371 0 0.456443 0 0.456443 0 0.680412 0 0.0510309 0 
0.00309278 0 0.456186 0 0.456186 0 0.680412 0 0.0639175 0 
0.00309278 0 0.456186 0 0.456186 0 0.680412 0 0.0585052 0 
0.00360825 0 0.456186 0 0.456186 0 0.680412 0 0.0533505 0 
0.00360825 0 0.456443 0 0.456443 0 0.680412 0 0.0592784 0 
0.00386598 0 0.456186 0 0.456186 0 0.680412 0 0.0595361 0 
0.00360825 0 0.456443 0 0.456443 0 0.680412 0 0.0541237 0 
0.00309278 0 0.456443 0 0.456443 0 0.680412 0 0.0564433 0 
0.00386598 0 0.456186 0 0.456186 0 0.680412 0 0.0610825 0 
0.00335052 0 0.456443 0 0.456443 0 0.680412 0 0.0543814 0 
0.00360825 0 0.456186 0 0.456186 0 0.680412 0 0.0590206 0 
0.00335052 0 0.456186 0 0.456186 0 0.680412 0 0.0615979 0 
0.00335052 0 0.456701 0 0.456701 0 0.680412 0 0.0533505 0 
0.00309278 0 0.456443 0 0.456443 0 0.714433 0 0.0554124 0 
0.00309278 0 0.456186 0 0.456186 0 0.680412 0 0.0541237 0 
0.00360825 0 0.456186 0 0.456186 0 0.680412 0 0.0613402 0 
0.00386598 0 0.456959 0 0.456959 0 0.680412 0 0.0600515 0 
0.00309278 0 0.456443 0 0.456443 0 0.680412 0 0.0659794 0 
0.00360825 0 0.456443 0 0.456443 0 0.680412 0 0.0621134 0 
0.00335052 0 0.456443 0 0.456443 0 0.680412 0 0.0585052 0 
0.00360825 0 0.456186 0 0.456186 0 0.680412 0 0.0572165 0 
0.00283505 0 0.456186 0 0.456186 0 0.680412 0 0.0600515 0 
0.00283505 0 0.456186 0 0.456186 0 0.680412 0 0.0574742 0 
0.00412371 0 0.456186 0 0.456186 0 0.680412 0 0.060567 0 
0.00438144 0 0.456186 0 0.456186 0 0.680412 0 0.0587629 0 
0.00309278 0 0.456186 0 0.456186 0 0.680412 0 0.0585052 0 
0.00360825 0 0.456186 0 0.456186 0 0.680412 0 0.053866 0 
0.00283505 0 0.456443 0 0.456443 0 0.680412 0 0.0592784 0 
0.00438144 0 0.456443 0 0.456443 0 0.714433 0 0.0520619 0 
0.00386598 0 0.456701 0 0.456701 0 0.71366 0 0.0556701 0 
0.00283505 0 0.456443 0 0.456443 0 0.680412 0 0.0585052 0 
0.00386598 0 0.456186 0 0.456186 0 0.680412 0 0.0579897 0 
0.00335052 0 0.456186 0 0.456186 0 0.680412 0 0.0574742 0 
0.00386598 0 0.456443 0 0.456443 0 0.680412 0 0.0559278 0 
0.00335052 0 0.456186 0 0.456186 0 0.680412 0 0.0590206 0 
0.00438144 0 0.456186 0 0.456186 0 0.680412 0 0.0556701 0 
0.00283505 0 0.456443 0 0.456443 0 0.714175 0 0.0492268 0 
0.00335052 0 0.456443 0 0.456443 0 0.680412 0 0.0559278 0 
0.00309278 0 0.456443 0 0.456443 0 0.680412 0 0.0554124 0 
0.00335052 0 0.456186 0 0.456186 0 0.680412 0 0.0541237 0 
0.00360825 0 0.456959 0 0.456959 0 0.714175 0 0.0546392 0 
0.00386598 0 0.456186 0 0.456186 0 0.680412 0 0.0613402 0 
0.00335052 0 0.456701 0 0.456701 0 0.680412 0 0.0579897 0 
0.00335052 0 0.456186 0 0.456186 0 0.680412 0 0.0515464 0 
0.00360825 0 0.456186 0 0.456186 0 0.680412 0 0.0569588 0 
0.00360825 0 0.456186 0 0.456186 0 0.680412 0 0.0546392 0 
0.00386598 0 0.456186 0 0.456186 0 0.714433 0 0.0551546 0 
0.00360825 0 0.456443 0 0.456443 0 0.680412 0 0.0631443 0 
0.00360825 0 0.456186 0 0.456186 0 0.680412 0 0.0543814 0 
0.00335052 0 0.456443 0 0.456443 0 0.680412 0 0.060567 0 
0.00360825 0 0.456186 0 0.456186 0 0.680412 0 0.0551546 0 
0.00412371 0 0.456443 0 0.456443 0 0.713918 0 0.0489691 0 
0.00283505 0 0.456186 0 0.456186 0 0.680412 0 0.0546392 0 
0.00283505 0 0.456186 0 0.456186 0 0.680412 0 0.0546392 0 
0.00386598 0 0.456186 0 0.456186 0 0.680412 0 0.0600515 0 
0.00360825 0 0.456186 0 0.456186 0 0.680412 0 0.0572165 0 
0.00360825 0 0.456186 0 0.456186 0 0.680412 0 0.0587629 0 
0.00360825 0 0.456443 0 0.456443 0 0.680412 0 0.053866 0 
0.00360825 0 0.456959 0 0.456959 0 0.714433 0 0.0476804 0 
0.00283505 0 0.456701 0 0.456701 0 0.680412 0 0.0592784 0 
0.00412371 0 0.456443 0 0.456443 0 0.680412 0 0.0641753 0 
0.00360825 0 0.456701 0 0.456701 0 0.680412 0 0.0574742 0 
0.00438144 0 0.456186 0 0.456186 0 0.680412 0 0.0585052 0 
0.00412371 0 0.456186 0 0.456186 0 0.680412 0 0.0603093 0 
0.00335052 0 0.456443 0 0.456443 0 0.680412 0 0.0556701 0 
0.00386598 0 0.456186 0 0.456186 0 0.680412 0 0.056701 0 
0.00386598 0 0.456186 0 0.456186 0 0.680412 0 0.0564433 0 
0.00412371 0 0.456186 0 0.456186 0 0.680412 0 0.0564433 0 
0.00335052 0 0.456186 0 0.456186 0 0.680412 0 0.0533505 0 
0.00360825 0 0.456443 0 0.456443 0 0.680412 0 0.0551546 0 
0.00412371 0 0.456186 0 0.456186 0 0.713918 0 0.0590206 0 
0.00335052 0 0.456186 0 0.456186 0 0.680412 0 0.0569588 0 