0.00900901 0 0.261261 0 0.261261 0 0.172072 0 0.00900901 0 
0.0153846 0 0.123077 0 0.123077 0 0.2 0 0.0153846 0 
0.0107527 0 0.247312 0 0.247312 0 0.172043 0 0.0107527 0 
0.0144928 0 0.275362 0 0.275362 0 0.531884 0 0.0144928 0 
0.0142857 0 0.285714 0 0.285714 0 0.295714 0 0.0142857 0 
0.0178571 0 0.198214 0 0.207143 0 0.285714 0 0.0178571 0 
0.0166667 0 0.183333 0 0.183333 0 0.473333 0 0.0166667 0 
0.0166667 0 0.183333 0 0.183333 0 0.473333 0 0.0166667 0 
0.0212766 0 0.265957 0 0.265957 0 0.211702 0 0.0212766 0 
0.0172414 0 0.155172 0 0.155172 0 0.287931 0 0.0172414 0 
0.0147059 0 0.220588 0 0.220588 0 0.486765 0 0.0147059 0 
0.0103093 0 0.14433 0 0.14433 0 0.146392 0 0.0103093 0 
0.0107527 0 0.247312 0 0.247312 0 0.172043 0 0.0107527 0 
0.0136986 0 0.287671 0 0.287671 0 0.591781 0 0.0136986 0 
0.0243902 0 0.185366 0 0.185366 0 0.236585 0 0.0243902 0 
0.0105263 0 0.252632 0 0.252632 0 0.190526 0 0.0105263 0 
0.0104167 0 0.229167 0 0.25 0 0.0833333 0 0.0104167 0 
0.0217391 0 0.25 0 0.25 0 0.195652 0 0.0217391 0 
0.0253165 0 0.192405 0 0.192405 0 0.113924 0 0.0253165 0 
0.0172414 0 0.155172 0 0.155172 0 0.287931 0 0.0172414 0 
0.027027 0 0.337838 0 0.337838 0 0.227027 0 0.027027 0 
0.0169492 0 0.271186 0 0.271186 0 0.538983 0 0.0169492 0 
0.0163934 0 0.245902 0 0.245902 0 0.163934 0 0.0163934 0 
0.0107527 0 0.301075 0 0.301075 0 0.193548 0 0.0107527 0 
0.011236 0 0.193258 0 0.193258 0 0.191011 0 0.011236 0 
0.0147059 0 0.220588 0 0.220588 0 0.486765 0 0.0147059 0 
0.0169492 0 0.271186 0 0.271186 0 0.538983 0 0.0169492 0 
0.0106383 0 0.265957 0 0.265957 0 0.170213 0 0.0106383 0 
0.0235294 0 0.317647 0 0.317647 0 0.152941 0 0.0235294 0 
0.0212766 0 0.255319 0 0.255319 0 0.474468 0 0.0212766 0 
0.025 0 0.275 0 0.2625 0 0.55375 0 0.025 0 
0.0108696 0 0.26087 0 0.26087 0 0.173913 0 0.0108696 0 
0.0108696 0 0.26087 0 0.26087 0 0.173913 0 0.0108696 0 
0.0166667 0 0.233333 0 0.233333 0 0.0966667 0 0.0166667 0 
0.010101 0 0.20404 0 0.20404 0 0.0707071 0 0.010101 0 
0.0192308 0 0.288462 0 0.288462 0 0.194231 0 0.0192308 0 
0.015625 0 0.15625 0 0.15625 0 0.335938 0 0.015625 0 
0.0215054 0 0.258065 0 0.258065 0 0.193548 0 0.0215054 0 
0.0263158 0 0.2 0 0.2 0 0.136842 0 0.0263158 0 
0.0344828 0 0.163218 0 0.163218 0 0.126437 0 0.0344828 0 
0.010101 0 0.20404 0 0.20404 0 0.0707071 0 0.010101 0 
0.037037 0 0.259259 0 0.259259 0 0.222222 0 0.037037 0 
0.0169492 0 0.118644 0 0.118644 0 0.586441 0 0.0169492 0 
0.0266667 0 0.146667 0 0.146667 0 0.381333 0 0.0266667 0 
0.0153846 0 0.123077 0 0.123077 0 0.2 0 0.0153846 0 
0.0212766 0 0.265957 0 0.265957 0 0.248936 0 0.0212766 0 
0.0151515 0 0.121212 0 0.121212 0 0.439394 0 0.0151515 0 
0.0151515 0 0.242424 0 0.242424 0 0.3 0 0.0151515 0 
0.010101 0 0.20404 0 0.20404 0 0.0707071 0 0.010101 0 
0.00917431 0 0.20367 0 0.20367 0 0.391743 0 0.00917431 0 
0.0133333 0 0.28 0 0.28 0 0.128 0 0.0133333 0 
0.019802 0 0.277228 0 0.277228 0 0.180198 0 0.019802 0 
0.0151515 0 0.121212 0 0.121212 0 0.439394 0 0.0151515 0 
0.0136986 0 0.287671 0 0.287671 0 0.591781 0 0.0136986 0 
0.0210526 0 0.231579 0 0.231579 0 0.369474 0 0.0210526 0 
0.0243902 0 0.304878 0 0.304878 0 0.234146 0 0.0243902 0 
0.0111111 0 0.277778 0 0.277778 0 0.177778 0 0.0111111 0 
0.00970874 0 0.186408 0 0.186408 0 0.192233 0 0.00970874 0 
0.0135135 0 0.243243 0 0.243243 0 0.218919 0 0.0135135 0 
0.0151515 0 0.121212 0 0.121212 0 0.439394 0 0.0151515 0 
0.01 0 0.232 0 0.232 0 0.072 0 0.01 0 
0.0212766 0 0.265957 0 0.265957 0 0.148936 0 0.0212766 0 
0.0111111 0 0.122222 0 0.122222 0 0.202222 0 0.0111111 0 
0.0206186 0 0.268041 0 0.268041 0 0.290722 0 0.0206186 0 
0.0306122 0 0.244898 0 0.244898 0 0.492857 0 0.0306122 0 
0.0212766 0 0.255319 0 0.255319 0 0.474468 0 0.0212766 0 
0.0238095 0 0.309524 0 0.309524 0 0.270238 0 0.0238095 0 
0.0147059 0 0.220588 0 0.220588 0 0.486765 0 0.0147059 0 
0.0169492 0 0.271186 0 0.271186 0 0.538983 0 0.0169492 0 
0.037037 0 0.259259 0 0.259259 0 0.222222 0 0.037037 0 
0.0149254 0 0.253731 0 0.253731 0 0.347761 0 0.0149254 0 
0.0113636 0 0.284091 0 0.284091 0 0.190909 0 0.0113636 0 
0.0266667 0 0.146667 0 0.146667 0 0.381333 0 0.0266667 0 
0.0144928 0 0.275362 0 0.275362 0 0.531884 0 0.0144928 0 
0.0166667 0 0.233333 0 0.233333 0 0.0966667 0 0.0166667 0 
0.027027 0 0.337838 0 0.337838 0 0.227027 0 0.027027 0 
0.0235294 0 0.258824 0 0.258824 0 0.237647 0 0.0235294 0 
0.0333333 0 0.155556 0 0.155556 0 0.173333 0 0.0333333 0 
0.0153846 0 0.123077 0 0.123077 0 0.2 0 0.0153846 0 
0.0379747 0 0.179747 0 0.179747 0 0.227848 0 0.0379747 0 
0.0166667 0 0.25 0 0.25 0 0.215 0 0.0166667 0 
0.027027 0 0.337838 0 0.337838 0 0.227027 0 0.027027 0 
0.00980392 0 0.207843 0 0.207843 0 0.196078 0 0.00980392 0 
0.0263158 0 0.173684 0 0.173684 0 0.197368 0 0.0263158 0 
0.0149254 0 0.238806 0 0.238806 0 0.297015 0 0.0149254 0 
0.0263158 0 0.2 0 0.2 0 0.136842 0 0.0263158 0 
0.031746 0 0.222222 0 0.222222 0 0.238095 0 0.031746 0 
0.0246914 0 0.175309 0 0.175309 0 0.271605 0 0.0246914 0 
0.00900901 0 0.261261 0 0.261261 0 0.172072 0 0.00900901 0 
0.0375 0 0.165 0 0.165 0 0.45125 0 0.0375 0 
0.0172414 0 0.224138 0 0.224138 0 0.498276 0 0.0172414 0 
0.00952381 0 0.192381 0 0.192381 0 0.209524 0 0.00952381 0 
0.00952381 0 0.192381 0 0.192381 0 0.209524 0 0.00952381 0 
0.0131579 0 0.276316 0 0.276316 0 0.221053 0 0.0131579 0 
0.0215054 0 0.27957 0 0.27957 0 0.153763 0 0.0215054 0 
0.0217391 0 0.26087 0 0.26087 0 0.325 0 0.0217391 0 
0.0224719 0 0.258427 0 0.258427 0 0.191011 0 0.0224719 0 
0.0103093 0 0.257732 0 0.237113 0 0.0680412 0 0.0103093 0 
0.0176991 0 0.283186 0 0.283186 0 0.193805 0 0.0176991 0 
0.0212766 0 0.255319 0 0.255319 0 0.474468 0 0.0212766 0 
